15 720 10
0 73 96 74 63 113 78 82 88 82 111 67 77 78 106 
73 0 22 0 10 39 11 9 23 21 37 9 20 6 32 
96 22 0 22 33 17 17 13 24 21 15 28 21 18 17 
74 0 22 0 10 39 11 8 23 20 37 9 19 6 32 
63 10 33 10 0 50 15 19 25 20 48 9 19 15 43 
113 39 17 39 50 0 34 30 24 31 3 46 36 35 10 
78 11 17 11 15 34 0 13 11 9 32 11 8 5 27 
82 9 13 8 19 30 13 0 25 22 28 15 21 8 23 
88 23 24 23 25 24 11 25 0 6 22 21 11 17 17 
82 21 21 20 20 31 9 22 6 0 29 14 5 14 24 
111 37 15 37 48 3 32 28 22 29 0 43 34 33 13 
67 9 28 9 9 46 11 15 21 14 43 0 10 10 39 
77 20 21 19 19 36 8 21 11 5 34 10 0 13 29 
78 6 18 6 15 35 5 8 17 14 33 10 13 0 28 
106 32 17 32 43 10 27 23 17 24 13 39 29 28 0 
0 
3 0 0 1705 
4 0 0 2597 0 
5 0 0 0 0 4210 
3 0 0 1473 
1 2641 
1 0 
3 0 0 0 
1 610 
2 745 0 
4 6588 0 0 0 
2 0 3117 
3 0 3020 0 
3 0 0 0 
1 943 

0 
3 6976 6071 11470 
4 8793 9430 10863 5261 
5 2549 4743 5081 2677 10429 
3 15735 2422 8172 
1 18662 
1 3607 
3 9058 5791 14107 
1 16981 
2 10547 6257 
4 17956 2727 4859 5531 
2 4927 9389 
3 9932 8645 14169 
3 4407 4803 4485 
1 10545 

5 7215 10299 15571 8294 6017 
4 7207 10070 7106 6652 
4 14456 6226 5115 11382 
4 4682 6823 8817 12080 
5 10096 11841 8113 12960 5855 
4 8579 14693 4531 11677 
5 6447 8979 6744 5537 10217 
6 12227 6293 9082 9500 9035 7644 
4 8379 7337 10205 9598 
4 7305 5347 9424 10639 
20 20 20 20 20 20 20 20 20 20 
1 0 0 1 1 1 1 0 1 1 0 1 1 0 0 
1 1 1 0 1 1 1 1 0 1 1 1 1 1 1 
1 1 1 0 1 1 1 1 0 1 1 1 1 1 1 
1 1 1 1 1 1 1 1 1 1 1 1 1 1 1 
1 1 1 0 1 1 1 1 0 1 1 1 1 1 1 
1 0 0 1 1 1 1 0 1 1 0 1 1 0 0 
1 1 1 1 1 1 1 1 1 1 1 1 1 1 1 
1 1 1 1 1 1 1 1 1 1 1 1 1 1 1 
1 0 0 1 1 1 1 0 1 1 0 1 1 0 0 
1 1 1 1 1 1 1 1 1 1 1 1 1 1 1 
