25 720 10
0 65 92 80 60 96 93 99 75 96 94 82 87 80 106 90 109 78 72 90 100 78 75 85 100 
65 0 26 14 4 31 28 34 10 30 28 16 24 15 41 25 44 12 7 25 35 15 13 27 35 
92 26 0 12 31 4 13 32 28 3 35 9 43 24 14 1 26 14 25 1 8 33 31 9 8 
80 14 12 0 19 16 13 22 18 15 25 5 33 13 26 10 29 2 15 10 20 23 21 19 20 
60 4 31 19 0 36 32 38 14 35 33 21 27 19 45 29 48 17 12 29 39 17 15 26 39 
96 31 4 16 36 0 17 36 32 3 39 14 46 27 9 6 30 18 29 6 9 36 35 11 4 
93 28 13 13 32 17 0 19 18 13 22 11 29 12 13 13 16 15 20 13 7 19 18 22 12 
99 34 32 22 38 36 19 0 24 33 5 27 11 18 26 32 10 21 26 33 26 21 23 41 31 
75 10 28 18 14 32 18 24 0 28 18 23 14 5 31 28 34 16 2 28 25 4 3 37 27 
96 30 3 15 35 3 13 33 28 0 36 13 43 24 10 5 27 18 26 5 6 33 32 10 4 
94 28 35 25 33 39 22 5 18 36 0 30 7 13 29 35 15 23 21 36 29 16 18 44 34 
82 16 9 5 21 14 11 27 23 13 30 0 38 18 24 8 27 7 20 8 18 28 26 14 18 
87 24 43 33 27 46 29 11 14 43 7 38 0 19 36 42 21 30 17 43 36 9 12 52 42 
80 15 24 13 19 27 12 18 5 24 13 18 19 0 26 23 29 11 7 24 20 9 7 33 23 
106 41 14 26 45 9 13 26 31 10 29 24 36 26 0 16 20 28 33 16 6 28 30 21 6 
90 25 1 10 29 6 13 32 28 5 35 8 42 23 16 0 26 12 25 0 10 33 31 9 10 
109 44 26 29 48 30 16 10 34 27 15 27 21 29 20 26 0 31 36 27 20 31 33 35 25 
78 12 14 2 17 18 15 21 16 18 23 7 30 11 28 12 31 0 13 12 22 21 19 21 22 
72 7 25 15 12 29 20 26 2 26 21 20 17 7 33 25 36 13 0 26 27 7 6 34 27 
90 25 1 10 29 6 13 33 28 5 36 8 43 24 16 0 27 12 26 0 10 33 32 8 10 
100 35 8 20 39 9 7 26 25 6 29 18 36 20 6 10 20 22 27 10 0 27 25 15 5 
78 15 33 23 17 36 19 21 4 33 16 28 9 9 28 33 31 21 7 33 27 0 2 42 32 
75 13 31 21 15 35 18 23 3 32 18 26 12 7 30 31 33 19 6 32 25 2 0 40 30 
85 27 9 19 26 11 22 41 37 10 44 14 52 33 21 9 35 21 34 8 15 42 40 0 15 
100 35 8 20 39 4 12 31 27 4 34 18 42 23 6 10 25 22 27 10 5 32 30 15 0 
0 
3 632 0 0 
1 0 
1 0 
2 6363 0 
2 0 4190 
2 0 0 
3 454 789 0 
1 0 
1 782 
1 0 
5 0 0 0 0 286 
3 0 0 0 
3 0 0 0 
0 
1 0 
1 0 
1 1237 
3 0 0 0 
3 0 0 0 
1 0 
2 2864 1712 
1 0 
2 0 1777 
2 0 0 

0 
3 7560 4511 8286 
1 6660 
1 6200 
2 17830 2931 
2 8302 17227 
2 10139 5163 
3 12885 6666 7256 
1 4826 
1 10733 
1 5394 
5 7790 14067 6723 4759 8175 
3 2332 8164 7707 
3 9050 2347 2325 
0 
1 4115 
1 5629 
1 10901 
3 2950 10394 3004 
3 6003 13100 6442 
1 9071 
2 12906 10244 
1 2798 
2 7852 14043 
2 6255 4305 

5 12190 10478 7555 7544 9509 
6 12667 9992 8230 8392 6151 10325 
6 8165 10416 5470 8319 12391 8802 
6 11748 7725 8350 8332 6168 13913 
5 13479 7969 9159 11172 4733 
5 7033 8567 15213 7862 7403 
5 6754 8983 13857 9046 7910 
5 6439 7931 4449 14697 7511 
5 7000 7020 9076 6865 8024 
5 6873 5995 8156 6709 10018 
20 20 20 20 20 20 20 20 20 20 
1 1 1 1 1 1 1 1 1 1 1 1 1 1 1 1 1 1 1 1 1 1 1 1 1 
1 1 1 1 1 1 1 1 1 1 1 1 1 1 1 1 1 1 1 1 1 1 1 1 1 
1 1 0 1 1 0 0 1 1 0 1 1 1 1 1 1 1 0 1 1 1 1 0 1 1 
1 1 1 0 0 1 1 1 1 1 1 0 0 0 0 1 1 1 0 1 0 0 1 1 1 
1 1 1 1 1 1 1 1 1 1 1 1 1 1 1 1 1 1 1 1 1 1 1 1 1 
1 1 1 0 0 1 1 1 1 1 1 0 0 0 0 1 1 1 0 1 0 0 1 1 1 
1 1 0 1 1 0 0 1 1 0 1 1 1 1 1 1 1 0 1 1 1 1 0 1 1 
1 1 1 0 0 1 1 1 1 1 1 0 0 0 0 1 1 1 0 1 0 0 1 1 1 
1 1 1 0 0 1 1 1 1 1 1 0 0 0 0 1 1 1 0 1 0 0 1 1 1 
1 1 1 1 1 1 1 1 1 1 1 1 1 1 1 1 1 1 1 1 1 1 1 1 1 
