15 720 10
0 103 107 86 84 103 75 96 91 97 104 113 109 89 99 
103 0 17 17 19 13 29 15 12 37 12 10 12 14 15 
107 17 0 22 24 4 31 11 17 19 4 7 5 17 8 
86 17 22 0 2 18 34 20 5 42 18 27 23 19 20 
84 19 24 2 0 20 36 22 7 44 20 29 25 21 22 
103 13 4 18 20 0 27 6 13 24 1 10 6 13 4 
75 29 31 34 36 27 0 20 29 21 28 37 33 15 23 
96 15 11 20 22 6 20 0 15 21 8 17 12 6 2 
91 12 17 5 7 13 29 15 0 37 13 22 18 14 15 
97 37 19 42 44 24 21 21 37 0 24 27 25 22 22 
104 12 4 18 20 1 28 8 13 24 0 9 4 14 5 
113 10 7 27 29 10 37 17 22 27 9 0 4 24 14 
109 12 5 23 25 6 33 12 18 25 4 4 0 19 10 
89 14 17 19 21 13 15 6 14 22 14 24 19 0 9 
99 15 8 20 22 4 23 2 15 22 5 14 10 9 0 
0 
4 0 2293 0 0 
0 
1 0 
1 1924 
1 0 
2 3272 4629 
1 0 
2 881 4668 
2 884 0 
1 0 
1 0 
1 2679 
3 0 0 0 
3 0 0 0 

0 
4 4920 6996 6659 6705 
0 
1 7478 
1 11516 
1 5582 
2 13144 19180 
1 8119 
2 20888 14431 
2 10340 5095 
1 4909 
1 3854 
1 14580 
3 6588 5120 5021 
3 7548 10174 4315 

5 6972 7026 6690 4667 11855 
4 11138 5599 10654 11502 
6 7519 8654 5718 11351 10484 10271 
5 8097 8907 6084 9784 11008 
4 6117 4786 9715 7469 
4 11763 12200 6990 8172 
5 8771 7765 9134 7877 6920 
5 9155 5786 9275 3619 8950 
4 8273 6971 7714 7723 
6 7156 6632 9280 13150 6083 7092 
20 20 20 20 20 20 20 20 20 20 
1 0 0 0 0 1 1 0 1 1 1 1 0 1 1 
1 1 1 1 1 1 1 1 1 1 1 1 1 1 1 
1 0 0 0 0 1 1 0 1 1 1 1 0 1 1 
1 1 1 1 1 1 1 1 1 1 1 1 1 1 1 
1 1 1 1 1 0 1 1 0 0 0 1 1 1 0 
1 1 1 1 1 1 1 1 1 1 1 1 1 1 1 
1 1 1 1 1 1 1 1 1 1 1 1 1 1 1 
1 1 1 1 1 0 1 1 0 0 0 1 1 1 0 
1 1 1 1 1 1 1 1 1 1 1 1 1 1 1 
1 0 0 0 0 1 1 0 1 1 1 1 0 1 1
